           0  0.775895655      0.876207352    
           0  0.846974552      0.907756865    
           0  0.328198463      0.277076662    
           0  0.528045058      0.414325237    
           0  0.311232030      0.327742547    
           0  0.388821423      0.312934756    
           0  0.309494019      0.339832783    
           0  0.710340321      0.856287777    
           0  0.326795071      0.362858146    
           0  0.710552812      0.675437093    
           0  0.780291438      0.756497681    
           0  0.300424904      0.142777875    
           0  0.311958671      0.250328004    
           0  0.376394093      0.372670323    
           0  0.431164533      0.477139682    
           0  0.601095140      0.728990436    
           0  0.390984654      0.355655015    
           0  0.623037100      0.671122074    
           0  0.622143388      0.596195221    
           0  0.964379609      0.978005588    
           0  0.299777776      0.321338713    
           0  0.854520082      0.949009061    
           0  0.199765861      0.270403922    
           0  0.384436965      0.459434271    
           0  0.663316250      0.643243551    
           0  0.633828759      0.638884962    
           0   1.51065910       1.47060263    
           0  0.373505652      0.383103788    
           0  0.840098798      0.765119791    
           0  0.800183237      0.811316907    
           0  0.598383486      0.547452629    
           0  0.347336829      0.290653318    
           0  0.576382279      0.584246755    
           0  0.413447112      0.416035622    
           0  0.343957126      0.380112529    
           0  0.388487816      0.353326261    
           0  0.528759599      0.645463943    
           0  0.709928453      0.695609212    
           0  0.682115138      0.563189328    
           0  0.352095991      0.318131566    
           0  0.720059216      0.712962806    
           0  0.320040256      0.309312403    
           0  0.590652347      0.520088732    
           0  0.349913925      0.514181793    
           0  0.386370420      0.411906421    
           0  0.585688651      0.528988063    
           0  0.393457681      0.373708785    
           0  0.432740480      0.381216735    
           0  0.673633635      0.690150917    
           0  0.373069286      0.328498185    
           0  0.345432460      0.281674922    
           0  0.304148853      0.267642915    
           0  0.347804904      0.289049476    
           0  0.827780783      0.918864250    
           0  0.328366935      0.387699634    
           0  0.799973845      0.802191913    
           0  0.217359290      0.165825993    
           0  0.811159849      0.815073311    
           0  0.797622740      0.786122441    
           0  0.323206991      0.440273881    
           0  0.728787243      0.736793578    
           0  0.473134547      0.490006506    
           0  0.510425746      0.511733174    
           0  0.373785198      0.359195054    
           0   1.42535698       1.40870309    
           0  0.788412392      0.860712588    
           0  0.775749981      0.727989495    
           0  0.741952002      0.740592659    
           0  0.252963901      0.247560903    
           0  0.263406336      0.334435791    
           0  0.430909634      0.385584503    
           0  0.822425961      0.938858032    
           0  0.343125939      0.295158118    
           0  0.360865802      0.341686070    
           0  0.803424299      0.787439585    
           0  0.455089778      0.592840195    
           0  0.744094729      0.894338846    
           0   1.05020869       1.07999921    
           0  0.362640679      0.375938088    
           0  0.326962769      0.375753462    
           0  0.801196694      0.766053796    
           0  0.186164960      0.139439523    
           0  0.377645522      0.479927808    
           0  0.371805668      0.226298705    
           0  0.467861474      0.381003350    
           0  0.375939280      0.445886970    
           0  0.306588322      0.291627079    
           0  0.573249876      0.626561999    
           0  0.642370343      0.665427387    
           0  0.652535558      0.630679905    
           0  0.652554572      0.836288810    
           0  0.781635106      0.632286966    
           0   1.22624385       1.21111608    
           0  0.202763215      0.191603541    
           0  0.686695874      0.809780598    
           0   1.51577377       1.57843888    
           0  0.303293169      0.281797558    
           0  0.348732561      0.316029489    
           0  0.311758518      0.335754395    
           0  0.342464566      0.402665496    
           0  0.440305203      0.375417888    
           0  0.355418503      0.401938856    
           0  0.720414042      0.732516170    
           0  0.844924152      0.884271860    
           0  0.355496913      0.371195734    
           0  0.627552688      0.628212094    
           0  0.769398034      0.795349360    
           0  0.335361511      0.375811934    
           0  0.504545569      0.506646574    
           0  0.799538732      0.848719716    
           0  0.723653913      0.814847529    
           0  0.376743972      0.283882320    
           0  0.484256595      0.454388112    
           0  0.775023162      0.725815296    
           0  0.230480164      0.303015351    
           0  0.596841991      0.660576701    
           0  0.390516609      0.387151778    
           0  0.355840385      0.420653850    
           0  0.200144753      0.249407157    
           0  0.447040915      0.500442088    
           0  0.801020563      0.758871555    
           0  0.744256675      0.739340246    
           0  0.442699164      0.470237553    
           0  0.363697380      0.318269700    
           0  0.794015825      0.794188440    
           0  0.821569681      0.830300093    
           0  0.660273135      0.548469663    
           0  0.266475827      0.211065948    
           0   1.48386490       1.54391599    
           0  0.442148417      0.370027333    
           0  0.368433177      0.356241345    
           0  0.634029031      0.539211452    
           0  0.774610698      0.663724542    
           0   1.03418529      0.975076556    
           0  0.383298814      0.342284292    
           0  0.851850629      0.877880335    
           0  0.764386475      0.800943911    
           0  0.660568595      0.706743777    
           0  0.687853694      0.756069660    
           0  0.325704604      0.287796140    
           0  0.738615036      0.697165549    
           0  0.301297754      0.315510154    
           0  0.384269595      0.424324960    
           0  0.834475577      0.899474919    
           0  0.209300205      0.279054344    
           0  0.689227998      0.732175767    
           0  0.545706749      0.436290979    
           0  0.624629676      0.532539785    
           0  0.337959260      0.291871905    
           0  0.581739187      0.648969650    
           0  0.690867841      0.580860615    
           0  0.670473397      0.616156638    
           0  0.710198104      0.572746992    
           0  0.372210592      0.379569679    
           0  0.739822626      0.783238173    
           0  0.308051765      0.257896066    
           0  0.356019706      0.266536415    
           0  0.502625167      0.228985131    
           0  0.341746479      0.297841370    
           0  0.342467874      0.378949702    
           0  0.367946386      0.279537082    
           0  0.847602427      0.826712370    
           0  0.701841593      0.749166429    
           0  0.545310736      0.526924968    
           0  0.418167114      0.383713007    
           0  0.381219894      0.333340228    
           0  0.314780086      0.368054777    
           0  0.617842495      0.671375334    
           0  0.428052902      0.447043985    
           0  0.373387337      0.325871140    
           0  0.356446922      0.310377479    
           0  0.738194525      0.740294755    
           0  0.425505280      0.570118248    
           0  0.286761522      0.252169371    
           0  0.577231169      0.553229988    
           0  0.773715973      0.764484406    
           0  0.283020824      0.215538204    
           0  0.642552078      0.679032505    
           0  0.369791448      0.319545597    
           0  0.831079543      0.876496792    
           0  0.616007507      0.526181817    
           0  0.750410259      0.605409563    
           0  0.372513741      0.362873614    
           0  0.848671913      0.779711902    
           0  0.326906025      0.354432046    
           0  0.443505853      0.458406299    
           0  0.389719129      0.432525337    
           0  0.392906815      0.207962230    
           0  0.726188660      0.631043732    
           0  0.377574444      0.418654650    
           0  0.824832261      0.859618306    
           0  0.798540413      0.746937573    
           0  0.377044261      0.321425498    
           0  0.680262744      0.641402900    
           0  0.682774663      0.731554806    
           0  0.371810704      0.289579690    
           0  0.497926682      0.359308183    
           0  0.375102013      0.433316946    
           0  0.372374654      0.372757405    
           0  0.351253271      0.308316112    
           0  0.785349131      0.714939952    
           0  0.277769536      0.323358774    
           0  0.354667038      0.311799437    
           0  0.355705321      0.254428834    
           0  0.488886088      0.521699667    
           0  0.186114877      0.268376827    
           0  0.529200196      0.488209963    
           0  0.743763983      0.632572234    
           0  0.367056310      0.449862123    
           0  0.527557135      0.520217419    
           0  0.372425258      0.502835989    
           0  0.392666548      0.401396543    
           0  0.319159985      0.330160409    
           0   1.10499918       1.16220379    
           0  0.338782817      0.421201646    
           0  0.262429327      0.157093346    
           0  0.254554212      0.199601054    
           0  0.640773296      0.694544256    
           0  0.384636432      0.330482185    
           0  0.384957224      0.451656908    
           0  0.816002727      0.619500399    
           0  0.819778204      0.771365106    
           0  0.368506759      0.261377811    
           0  0.725975275      0.638379633    
           0  0.723542273      0.708551526    
           0  0.456638217      0.448704153    
           0   1.53497458       1.47419655    
           0  0.316102087      0.285374701    
           0  0.439512908      0.508242309    
           0  0.770549476      0.736601651    
           0  0.679116666      0.614317060    
           0  0.754995227      0.665857136    
           0  0.712712646      0.679876983    
           0  0.377271742      0.340710312    
           0  0.376909107      0.271330059    
           0  0.393162429      0.414659739    
           0  0.715473771      0.732184589    
           0  0.613295019      0.640995502    
           0  0.515435457      0.365784943    
           0  0.484846026      0.487309188    
           0  0.809735596      0.877437651    
           0  0.507526457      0.489137530    
           0  0.470993698      0.519601583    
           0  0.657014072      0.660324454    
           0  0.593152940      0.612567782    
           0  0.702627361      0.751026690    
           0  0.752919853      0.782031417    
           0  0.387734085      0.532154083    
           0  0.425500154      0.318190098    
           0  0.777351022      0.759105265    
           0  0.648719907      0.663718402    
           0  0.363807678      0.417971760    
           0  0.366148978      0.336867005    
           0  0.781508565      0.797607064    
           0  0.761821032      0.764163017    
           0  0.513877690      0.483134717    
           0  0.853052676      0.914736629    
           0  0.614100158      0.668224514    
           0  0.475950569      0.470013171    
           0  0.608443260      0.498845756    
           0  0.293524176      0.413146555    
           0  0.682824671      0.625927150    
           0  0.797131240      0.726582229    
           0  0.754072607      0.635378957    
           0  0.554654002      0.425363988    
           0  0.531924903      0.513375461    
           0   1.03026843       1.09861696    
           0  0.743437946      0.769959033    
           0  0.798204482      0.712814212    
           0  0.722382605      0.837603211    
           0  0.343335599      0.316482872    
           0  0.495608270      0.525570452    
           0  0.677616298      0.841747165    
           0  0.285013855      0.432503164    
           0  0.557705879      0.629481912    
           0  0.359641641      0.397435158    
           0  0.591426969      0.629686177    
           0  0.344468325      0.206198409    
           0  0.360850632      0.326031387    
           0  0.352798700      0.260902882    
           0  0.703226030      0.728566110    
           0  0.502510011      0.500856042    
           0  0.850068450      0.795898080    
           0  0.236446202      0.165540278    
           0  0.489239752      0.503458619    
           0  0.765884340      0.734767556    
           0  0.382605076      0.364262044    
           0  0.345877796      0.322017163    
           0  0.746517837      0.681749582    
           0  0.371438265      0.407957911    
           0  0.266021311      0.277740866    
           0  0.731991291      0.681874752    
           0  0.385731846      0.477639765    
           0  0.385036647      0.481582165    
           0  0.281056583      0.302493989    
           0  0.841952622      0.762063861    
           0   1.47469544       1.47514951    
           0  0.287426919      0.306796789    
           0  0.393426061      0.436732411    
           0  0.348109454      0.243648022    
           0  0.374009520      0.411924630    
           0  0.390720814      0.346239448    
           0   7.80910924E-02  -1.07304975E-02
           0  0.767172873      0.725587070    
           0  0.430887252      0.357899547    
           0  0.329125822      0.404918194    
           0  0.511550486      0.400115013    
           0  0.760365069      0.875335276    
           0  0.830339193      0.840303183    
           0  0.367582411      0.378644943    
           0  0.509189010      0.468548000    
           0  0.852301300      0.880270183    
           0  0.759048104      0.811511815    
           0  0.236123785      0.208193213    
           0  0.429699719      0.479102731    
           0  0.684170306      0.736345291    
           0  0.719703496      0.706481457    
           0  0.689521372      0.700244904    
           0  0.412201434      0.401730031    
           0  0.314820558      0.212211341    
           0  0.337463856      0.292692810    
           0  0.375448346      0.295786798    
           0  0.364812404      0.398965150    
           0  0.363638788      0.419375002    
           0  0.209159404      0.175312206    
           0  0.623488486      0.575407505    
           0  0.327360600      0.336344421    
           0  0.810345829      0.835835338    
           0  0.607194424      0.627169430    
           0  0.305864304      0.331828952    
           0  0.544163764      0.626131475    
           0  0.624234438      0.659297466    
           0   1.14272535       1.02056813    
           0  0.650113583      0.660010934    
           0  0.272016644      0.218168214    
           0  0.836158574      0.880408823    
           0  0.835699022      0.875438929    
           0  0.763037443      0.811542571    
           0  0.616258383      0.561813593    
           0  0.464624047      0.536082149    
           0  0.274233967      0.387652218    
           0  0.794671059      0.767489851    
           0  0.812500298      0.741380453    
           0  0.673215687      0.753209114    
           0  0.338156998      0.384673387    
           0  0.376911134      0.474467039    
           0  0.845008433      0.771079659    
           0  0.320739090      0.368343353    
           0   1.37391675       1.35746002    
           0  0.792508125      0.798360050    
           0  0.489523202      0.434159577    
           0  0.439752132      0.446909845    
           0  0.369730175      0.413642734    
           0  0.518132806      0.483018279    
           0  0.302106917      0.497539967    
           0  0.779008627      0.741826296    
           0  0.309371024      0.213450462    
           0  0.686542690      0.726522624    
           0  0.694933355      0.713712454    
           0   1.28959799       1.28078306    
           0  0.300083041      0.401343524    
           0  0.844834447      0.915065825    
           0  0.347460955      0.322900683    
           0  0.338771045      0.361850351    
           0  0.338810414      0.446111619    
           0  0.761534691      0.841856003    
           0  0.377475500      0.476689309    
           0  0.480980217      0.456448615    
           0  0.392457694      0.411373407    
           0  0.372668236      0.386690080    
           0  0.324902922      0.162771225    
           0  0.719238877      0.741786301    
           0  0.694059372      0.654427469    
           0  0.676283181      0.586147785    
           0  0.599828541      0.627054572    
           0  0.761442661      0.715041578    
           0  0.391896933      0.418041348    
           0  0.367345423      0.306894779    
           0   1.30560279       1.35635722    
           0  0.741174400      0.765385151    
           0  0.466167688      0.500410616    
           0  0.377277911      0.293042243    
           0  0.710630000      0.740846574    
           0  0.306499153      0.421113551    
           0  0.932812810      0.959348857    
           0  0.303854257      0.277437419    
           0   1.05362582      0.949129879    
           0  0.756438494      0.695053041    
           0  0.345238060      0.343006402    
           0  0.349366248      0.186947882    
           0  0.236888573      0.193111867    
           0   1.36275625       1.34879506    
           0   1.12514639       1.06476688    
           0  0.342664003      0.339447737    
           0  0.313883811      0.289428443    
           0  0.371165335      0.398098469    
           0  0.204503760       8.61025825E-02
           0  0.270889848      0.447385341    
           0   1.20371747       1.13197732    
           0  0.292757690       9.59769040E-02
           0  0.378187299      0.326467663    
           0  0.851459742      0.852375925    
           0  0.743298054      0.750971437    
           0  0.251975417      0.134045780    
           0  0.527035534      0.464366555    
           0  0.463889152      0.577552259    
           0  0.309632361      0.314590454    
           0  0.344997466      0.424692422    
           0  0.851664364      0.713194132    
           0  0.763360381      0.759509981    
           0  0.369666517      0.407291502    
           0  0.467983007      0.446259648    
           0  0.343864411      0.443237543    
           0  0.332554460      0.396331042    
           0  0.845764041      0.811690092    
           0  0.346448183      0.222103417    
           0  0.384939551      0.504221678    
           0  0.346155643      0.388253182    
           0  0.313093483      0.308909863    
           0  0.742486238      0.733304799    
           0  0.493458539      0.534520090    
           0  0.545752466      0.520242870    
           0  0.562313914      0.802665472    
           0  0.293657899      0.323381215    
           0  0.664369404      0.713775933    
           0  0.291684210      0.283122212    
           0  0.790708840      0.755413234    
           0  0.690986633      0.655159950    
           0  0.364883780      0.349394888    
           0  0.813332498      0.836091340    
           0  0.205568090      0.263844669    
           0  0.337589324      0.383329391    
           0  0.144751981      0.166739732    
           0  0.607086837      0.550840735    
           0  0.275388658      0.314382493    
           0  0.502392650      0.619607627    
           0  0.774893939      0.766423047    
           0  0.369119257      0.446869433    
           0  0.339525908      0.326535702    
           0  0.357506186      0.303003371    
           0  0.565755844      0.555887043    
           0  0.827812493      0.889330864    
           0  0.312303811      0.212452471    
           0  0.855534732      0.772373140    
           0  0.651457787      0.661413670    
           0  0.446546257      0.406990081    
           0  0.553976476      0.544038951    
           0  0.760391593      0.812959731    
           0  0.380477667      0.442009747    
           0  0.731878519      0.693537951    
           0  0.245721936      0.239179403    
           0  0.798942924      0.728658915    
           0  0.798416317      0.688377202    
           0  0.305258155      0.303342044    
           0  0.368506730      0.382711530    
           0  0.531844318      0.592479944    
           0  0.452431500      0.419556350    
           0  0.440656990      0.657771528    
           0  0.759831309      0.826635957    
           0  0.797264218      0.776101232    
           0  0.648437560      0.567849517    
           0  0.374476433      0.316413075    
           0  0.315339983      0.448193848    
           0  0.852354407      0.878761470    
           0  0.347274989      0.420386851    
           0  0.370158732      0.344740838    
           0  0.660660625      0.654886186    
           0  0.501047313      0.531958461    
           0  0.841448665      0.807273507    
           0  0.852504253      0.903499424    
           0  0.283570886      0.209279135    
           0  0.370217800      0.425469488    
           0  0.322424442      0.383370906    
           0  0.739935696      0.706851482    
           0  0.650190830      0.656432509    
           0  0.529507637      0.614556193    
           0  0.750404656      0.841881692    
           0  0.308393538      0.270115525    
           0  0.708322644      0.572199583    
           0  0.504564464      0.457766801    
           0  0.341702402      0.450376779    
           0  0.630137861      0.767685890    
           0  0.361569732      0.222463071    
           0  0.667600155      0.750646353    
           0  0.475362480      0.496483594    
           0  0.334478021      0.325870454    
           0  0.305263489      0.307024598    
           0  0.770870984      0.827283919    
           0  0.377867669      0.383190542    
           0  0.727765620      0.721442163    
           0  0.650346339      0.592299998    
           0  0.534890115      0.659001648    
           0  0.755076349      0.744806826    
           0  0.521470487      0.623627841    
           0  0.583786845      0.567756772    
           0  0.366810977      0.286744148    
           0  0.366937399      0.448504269    
           0  0.808517098      0.839228511    
           0  0.277881145      0.334243447    
           0  0.378505498      0.257666409    
           0  0.842053235      0.793700874    
           0  0.544607520      0.455183625    
           0  0.623928964      0.661992967    
           0  0.619113386      0.701179683    
           0  0.753330588      0.793175817    
           0   1.54128909       1.43937087    
           0  0.620344400      0.633946955    
           0  0.635157645      0.700310886    
           0  0.652353823      0.652847767    
           0   1.42153215       1.46001244    
           0  0.138799235      0.116964854    
           0  0.709430218      0.652810931    
           0  0.390567809      0.365469784    
           0  0.231217861      0.267725646    
           0  0.379124850      0.370627224    
           0  0.714563251      0.856687069    
           0  0.349070609      0.386607707    
           0  0.592222631      0.684528708    
           0  0.654035449      0.706351697    
           0  0.335784823      0.279318005    
           0  0.427691996      0.381136745    
           0  0.286786646      0.181896955    
           0  0.377570003      0.286839813    
           0  0.799443662      0.860566318    
           0  0.836320341      0.977477193    
           0  0.329342455      0.317236334    
           0  0.746665955      0.559150100    
           0  0.736385703      0.739094973    
           0  0.799586117      0.726147175    
           0  0.806304574      0.784223437    
           0  0.620766938      0.556994557    
           0  0.678780794      0.682731211    
           0  0.771255195      0.769828141    
           0  0.353798985      0.367529869    
           0  0.369176537      0.434618473    
           0  0.278233647      0.307753950    
           0  0.329637438      0.399494231    
           0  0.730994821      0.652241588    
           0  0.271130055      0.355137646    
           0  0.183718860       5.46234846E-02
           0  0.340580493      0.399413258    
           0  0.294456273      0.204859197    
           0  0.656967938      0.553691506    
           0  0.598087788      0.586191118    
           0  0.855132580      0.880949914    
           0  0.388912410      0.371876836    
           0  0.722818196      0.684803486    
           0  0.531649947      0.461095989    
           0  0.385766715      0.348266721    
           0   1.47882235       1.51797187    
           0  0.332789153      0.313241601    
           0  0.710283697      0.558428943    
           0  0.374168217      0.274180591    
           0  0.470448613      0.400103033    
           0  0.372546881      0.389501691    
           0  0.380483896      0.520302415    
           0  0.656035304      0.749076903    
           0  0.328842103      0.427195311    
           0  0.840252280      0.759835958    
           0  0.744390190      0.734383881    
           0   1.47346985       1.55004060    
           0  0.378314316      0.359061420    
           0  0.436448812      0.469328612    
           0  0.814586878      0.818849385    
           0  0.381867975      0.455259323    
           0  0.607820690      0.550848365    
           0  0.856663942      0.937736213    
           0  0.502249718      0.505531430    
           0  0.736841679      0.704522610    
           0  0.662596405      0.686349154    
           0  0.292458802      0.430593848    
           0  0.551413596      0.540008426    
           0  0.855539560      0.941575289    
           0  0.468625695      0.507831514    
           0  0.575071871      0.622659981    
           0  0.457037449      0.463096887    
           0  0.772329450      0.904926300    
           0  0.384158075      0.328931838    
           0  0.926765859      0.895829976    
           0  0.441012651      0.490195423    
           0  0.370504498      0.396299541    
           0  0.702167392      0.715807438    
           0  0.292253166      0.207565382    
           0  0.380176812      0.469469339    
           0  0.415389776      0.392041534    
           0  0.337809384      0.285192490    
           0  0.316149324      0.421000749    
           0  0.442960262      0.512144804    
           0  0.385251731      0.394323915    
           0  0.669691622      0.665401161    
           0  0.589635730      0.525880456    
           0  0.390048295      0.355589718    
           0  0.219231158      0.239646375    
           0   1.36682248       1.33117652    
           0  0.351691812      0.329831183    
           0  0.328581721      0.291944742    
           0  0.197507873      0.184795663    
           0  0.351047188      0.234229833    
           0  0.463195026      0.564217985    
           0  0.787635863      0.909368098    
           0  0.327139825      0.387682378    
           0  0.683776796      0.734672070    
           0  0.735109866      0.810259461    
           0  0.757613242      0.675082028    
           0  0.570960820      0.738337219    
           0  0.356736183      0.323644310    
           0  0.325454444      0.342954814    
           0  0.249346122      0.272188306    
           0  0.339085519      0.213663086    
           0  0.391498893      0.425112903    
           0  0.521186471      0.526502490    
           0  0.359699339      0.275748968    
           0  0.390359551      0.304412156    
           0  0.381707311      0.400353104    
           0  0.256711960      0.197959408    
           0  0.737712264      0.669212103    
           0  0.799292982      0.808076739    
           0  0.691812396      0.738601744    
           0  0.717356741      0.766879618    
           0  0.778321087      0.807072461    
           0  0.313190430      0.407465547    
           0  0.373887539      0.354441792    
           0  0.665785432      0.607325137    
           0  0.371035278      0.363682300    
           0  0.857033432      0.831029177    
           0  0.320908010      0.355818778    
           0  0.340819120      0.332112312    
           0  0.585960567      0.558480859    
           0  0.369520664      0.249918595    
           0  0.817009330      0.802197635    
           0  0.272146612      0.270122647    
           0  0.307789296      0.308166414    
           0  0.835186958      0.858526289    
           0  0.696516752      0.795995593    
           0  0.550563872      0.566122770    
           0  0.301062047      0.394610107    
           0  0.679995537      0.598887563    
           0  0.308858365      0.262162685    
           0   1.27699494       1.20219588    
           0  0.778108299      0.923392296    
           0  0.389279574      0.256895661    
           0  0.295809537      0.338845611    
           0  0.594786108      0.482231885    
           0  0.385139376      0.304873228    
           0  0.320241630      0.214502662    
           0  0.659634590      0.701184571    
           0  0.374965012      0.331930012    
           0  0.827774525      0.827138662    
           0  0.388134181      0.440067381    
           0  0.273896545      0.373235643    
           0  0.388345629      0.365222991    
           0  0.448161840      0.362413973    
           0  0.335258216      0.284363270    
           0  0.733527005      0.779951513    
           0  0.386226952      0.346907139    
           0  0.750505030      0.691149235    
           0  0.609991312      0.652126431    
           0  0.425683320      0.352993160    
           0  0.441427112      0.395491809    
           0  0.102594547      0.210458636    
           0  0.851998687      0.866549313    
           0  0.335968345      0.348883688    
           0  0.306102455      0.216919363    
           0  0.717384219      0.830860376    
           0  0.561755359      0.520563126    
           0  0.676504791      0.753863394    
           0  0.335286200      0.180521205    
           0  0.657885492      0.717088759    
           0  0.832299829      0.858766913    
           0  0.378794134      0.425948501    
           0  0.346968204      0.166176647    
           0  0.306026220      0.333830833    
           0  0.838413060      0.740050793    
           0  0.363150626      0.366449535    
           0  0.338485748      0.374152154    
           0  0.651158869      0.580247581    
           0  0.364125401      0.402021170    
           0  0.347165108      0.271248400    
           0  0.798720002      0.706715941    
           0  0.354462326      0.452072829    
           0  0.759757876      0.739885747    
           0  0.514237523      0.449242055    
           0  0.536329031      0.429583609    
           0  0.581541657      0.582964957    
           0  0.674847126      0.716860592    
           0   1.18556249       1.21269476    
           0  0.716631055      0.681689024    
           0  0.379370272      0.530801117    
           0  0.479956836      0.370908082    
           0  0.778842747      0.856657088    
           0   1.32755101       1.33803546    
           0  0.583629966      0.609036565    
           0  0.819293678      0.845036864    
           0  0.287522554      0.220688790    
           0  0.254027396      0.317793638    
           0  0.517879546      0.594293594    
           0  0.788880765      0.876141846    
           0  0.297147661      0.349543631    
           0  0.684333920      0.590594113    
           0  0.649120450      0.549278498    
           0  0.359332591      0.367374897    
           0  0.391496867      0.432970345    
           0  0.842106342      0.805912197    
           0  0.377677590      0.297528446    
           0  0.777792931      0.860485554    
           0  0.810429513      0.892465711    
           0  0.373736978      0.290173322    
           0  0.353121549      0.235699698    
           0  0.375274688      0.427665383    
           0  0.791611552      0.720417738    
           0  0.817798555      0.919675589    
           0  0.766005039      0.733221233    
           0  0.797648251      0.686364472    
           0  0.351239502      0.380042464    
           0  0.721267939      0.564515233    
           0  0.314543635      0.313186526    
           0  0.343108475      0.387725592    
           0  0.907356322      0.832223356    
           0  0.351266861      0.203950122    
           0  0.363164723      0.436503083    
           0  0.748588622      0.797877848    
           0  0.381361157      0.385124624    
           0  0.755621910      0.843300462    
           0  0.225510746      0.309508294    
           0  0.378228903      0.376604736    
           0  0.361813009      0.363391429    
           0  0.325358897      0.273855388    
           0  0.392755538      0.430107474    
           0  0.805731356      0.853394270    
           0  0.749980927      0.627575994    
           0  0.852349341      0.717033803    
           0  0.672020674      0.621529520    
           0  0.329905510      0.194548339    
           0  0.648827195      0.647000134    
           0  0.306195706      0.267974883    
           0  0.379071206      0.400923401    
           0   1.31925595       1.19265473    
           0  0.352541536      0.482991278    
           0  0.353579313      0.390063524    
           0  0.355518997      0.354567528    
           0  0.452111155      0.421605110    
           0  0.294430673      0.239535123    
           0  0.646914601      0.660453320    
           0  0.716509819      0.779558897    
           0  0.385506392      0.424125016    
           0  0.434613585      0.394751847    
           0  0.382861406      0.380112499    
           0  0.389748514      0.429896742    
           0  0.390751660      0.386202902    
           0  0.257460535      0.277608246    
           0  0.367454767      0.325449884    
           0  0.521554410      0.626658022    
           0  0.385238051      0.285668075    
           0  0.626633704      0.597567499    
           0   1.35524237       1.33645809    
           0  0.678587079      0.768812299    
           0  0.843448281      0.807791352    
           0  0.773720860      0.770670831    
           0  0.412372917      0.517063677    
           0  0.262963980      0.215551749    
           0  0.462665677      0.336403310    
           0  0.856690705      0.841604292    
           0  0.650083542      0.654507637    
           0   1.04026997       1.09939706    
           0  0.737258971      0.749497890    
           0  0.306341350      0.315206200    
           0  0.393401057      0.536752403    
           0  0.585454285      0.654405296    
           0  0.295433879      0.179134011    
           0  0.391108006      0.469711751    
           0  0.617265761      0.696673572    
           0  0.350469589      0.309950739    
           0  0.372677743      0.419632494    
           0  0.759888887      0.750132740    
           0  0.840603471      0.879222572    
           0  0.246690825      0.194606453    
           0  0.373049229      0.378263980    
           0  0.399458021      0.406122684    
           0  0.722349346      0.691825330    
           0  0.322795361      0.219273567    
           0  0.435213387      0.347933054    
           0  0.392639637      0.396260679    
           0  0.338208377      0.376288831    
           0  0.378822953      0.262554735    
           0  0.329679787      0.440082222    
           0  0.419176817      0.310348600    
           0  0.295463771      0.266372919    
           0  0.339474529      0.409786850    
           0  0.312872171      0.210385323    
           0  0.374944299      0.253164440    
           0  0.383897603      0.460944325    
           0  0.386863947      0.346182108    
           0  0.405466110      0.453356057    
           0  0.813539147      0.848156631    
           0  0.406710088      0.413909316    
           0  0.838470817      0.797652364    
           0  0.382326066      0.480964869    
           0  0.484274864      0.371944785    
           0  0.388027251      0.444538295    
           0  0.849891841      0.964604557    
           0  0.840300322      0.887557685    
           0  0.224593446      0.289394975    
           0  0.495190084      0.466760069    
           0  0.768465519      0.839496076    
           0  0.754567027      0.716737330    
           0  0.787054479      0.881868005    
           0  0.175798848      0.180668458    
           0  0.339820266      0.353987902    
           0  0.389401585      0.508846104    
           0  0.522521555      0.612406194    
           0  0.234973103      0.265911251    
           0  0.351845294      0.482257694    
           0  0.840277672      0.935061336    
           0  0.328730613      0.343857437    
           0  0.444833994      0.295125067    
           0  0.377565861      0.393913358    
           0  0.225179777      0.248189315    
           0  0.465619981      0.482975394    
           0  0.469511837      0.415198535    
           0  0.385904908      0.395670921    
           0  0.179158375      0.209148854    
           0  0.409201056      0.300250173    
           0  0.392089099      0.339603513    
           0  0.786906719      0.724408507    
           0  0.589965641      0.539749265    
           0  0.695996106      0.637657702    
           0  0.852939308      0.788140059    
           0  0.840518355      0.794229925    
           0  0.295044392      0.420836061    
           0  0.629380643      0.589579046    
           0  0.677048922      0.715693414    
           0  0.556716800      0.580816329    
           0  0.391486287      0.335094690    
           0  0.366717309      0.489812136    
           0  0.335186332      0.366831213    
           0  0.371302068      0.567733169    
           0  0.585232794      0.680552721    
           0  0.488414884      0.379558504    
           0  0.535636604      0.499890298    
           0  0.692164958      0.548100114    
           0  0.651043177      0.838095129    
           0  0.447903931      0.299995244    
           0  0.745526612      0.641961634    
           0  0.679317534      0.596059561    
           0  0.359055907      0.399098456    
           0  0.812804401      0.816207409    
           0  0.439421773      0.566496372    
           0   1.46960330       1.51804829    
           0  0.538278520      0.577629626    
           0   1.44481003       1.52517080    
           0  0.194766089      0.273673445    
           0  0.365288436      0.403599650    
           0  0.494784206      0.592395306    
           0  0.806033373      0.831920326    
           0  0.757171214      0.697434664    
           0  0.577029288      0.667371452    
           0  0.332774162      0.432688773    
           0  0.458787441      0.398745179    
           0  0.373817801      0.238384098    
           0  0.361744434      0.440066963    
           0  0.275600761      0.256893039    
           0  0.385145158      0.492394269    
           0  0.355044216      0.278741121    
           0  0.295186073      0.380721271    
           0  0.368096381      0.287757576    
           0  0.857891679      0.928803027    
           0  0.709095359      0.770277262    
           0  0.256856054      0.231233671    
           0  0.387447357      0.385111153    
           0  0.447062552      0.383454740    
           0  0.793573201      0.923688114    
           0  0.618270218      0.612147868    
           0  0.362477243      0.376847267    
           0  0.317373961      0.295701087    
           0  0.371216774      0.391219765    
           0  0.582016706      0.641102552    
           0  0.353831142      0.378341287    
           0  0.369379699      0.246640503    
           0  0.841555297      0.862514079    
           0  0.532628477      0.575583696    
           0  0.346305877      0.255976617    
           0  0.330836356      0.342119366    
           0  0.638383627      0.570669413    
           0  0.364368409      0.428270072    
           0  0.299141496      0.217142433    
           0  0.337101519      0.226333022    
           0  0.378017724      0.412039042    
           0  0.381685227      0.388227165    
           0  0.809738934      0.706323147    
           0  0.637138367      0.585613728    
           0  0.828844786      0.777192593    
           0  0.850423217      0.878164887    
           0  0.389001429      0.514230072    
           0  0.830512464      0.732637942    
           0  0.357411832      0.384585530    
           0  0.516997218      0.492717445    
           0  0.337460458      0.200664669    
           0   1.39084291       1.44508159    
           0  0.681667984      0.683898509    
           0  0.781910360      0.757292569    
           0  0.378032774      0.479517013    
           0  0.740316033      0.666665971    
           0  0.832855046      0.771520913    
           0  0.388060927      0.435630500    
           0  0.773534119      0.590657949    
           0  0.357542187      0.234750122    
           0  0.840798378      0.913680971    
           0  0.332231343      0.377371520    
           0  0.193998903      0.155476958    
           0  0.555167794      0.631373286    
           0  0.654882610      0.620695829    
           0  0.381153136      0.304448307    
           0  0.449899554      0.408271015    
           0  0.289043128      0.269837856    
           0  0.261256754      0.285877138    
           0  0.803331792      0.864645302    
           0  0.218486041      0.231654927    
           0  0.610598505      0.597587645    
           0  0.356227160      0.374688238    
           0  0.805730104      0.927992165    
           0  0.360967398      0.218550682    
           0  0.573032975      0.631781578    
           0  0.271817595      0.243748963    
           0  0.336992323      0.379657030    
           0  0.362290829      0.371803224    
           0  0.536566973      0.576792121    
           0  0.670675397      0.691543460    
           0  0.797554433      0.836666048    
           0  0.516065657      0.572153926    
           0  0.232545480      0.192489564    
           0  0.490308255      0.473758787    
           0  0.731258452      0.701451898    
           0  0.719629049      0.582330585    
           0  0.774482548      0.788568914    
           0  0.673581839      0.652018845    
           0  0.334165156      0.292339385    
           0  0.316281021      0.208113253    
           0  0.553460121      0.582564414    
           0  0.710517228      0.603386879    
           0  0.362430334      0.384134829    
           0  0.634604871      0.530284882    
           0  0.475359619      0.465730995    
           0  0.763273120      0.823115826    
           0  0.355574906      0.343300015    
           0  0.779701889      0.884052217    
           0  0.554577649      0.725731969    
           0  0.308285207      0.368230671    
           0  0.387705892      0.385117322    
           0  0.494637817      0.547375798    
           0  0.565121651      0.587462306    
           0  0.373933554      0.476053685    
           0  0.361537695      0.377153337    
           0  0.373677433      0.426648945    
           0  0.839500606      0.974515259    
           0  0.815086484      0.899548948    
           0  0.322017759      0.230700985    
           0  0.640569985      0.733859897    
           0  0.831444740      0.819340348    
           0  0.730932295      0.739581347    
           0  0.380843490      0.253819019    
           0  0.379854023      0.447180748    
           0  0.690116346      0.701307118    
           0  0.734968781      0.785320818    
           0  0.786239445      0.901164412    
           0  0.390447110      0.432779074    
           0  0.693461359      0.782844305    
           0  0.773849666      0.867963433    
           0  0.248996377      0.315690815    
           0  0.784917235      0.846047878    
           0  0.265259326      0.121320471    
           0  0.607902646      0.668016791    
           0  0.309920341      0.416128397    
           0  0.684660017      0.640710711    
           0  0.820051551       1.00526297    
           0  0.387636065      0.393065095    
           0  0.742122233      0.539515257    
           0  0.561799765      0.575544655    
           0  0.366853178      0.421543509    
           0  0.351450861      0.446892589    
           0  0.327916294      0.304035574    
           0  0.366958112      0.367089063    
           0  0.494985819      0.492703348    
           0  0.371288657      0.398039281    
           0  0.378555447      0.448291630    
           0  0.765071213      0.831056714    
           0  0.288805634      0.298020512    
           0  0.406616002      0.389139175    
           0  0.640447795      0.678119898    
           0  0.840719223      0.803729951    
           0  0.317522228      0.273410022    
           0  0.341017902      0.361697882    
           0  0.607512891      0.630397141    
           0   1.11891127       1.04274476    
           0  0.448229402      0.501406729    
           0  0.233894646      0.261069864    
           0   1.50022018       1.46798193    
           0  0.296230644      0.247519210    
           0  0.370981336      0.425058633    
           0  0.803647041      0.665170312    
           0  0.504615963      0.646291494    
           0  0.388819456      0.301164538    
           0  0.462519735      0.271494061    
           0  0.616791606      0.645197690    
           0  0.428093195      0.412525088    
           0  0.376156002      0.440611482    
           0  0.469052255      0.502852201    
           0  0.537244081      0.439552367    
           0  0.309093356      0.303168029    
           0  0.375255406      0.345778942    
           0  0.231141120      0.269250870    
           0  0.305426478      0.228943989    
           0  0.488567978      0.495453686    
           0  0.161148891       9.89447683E-02
           0  0.328835756      0.349851131    
           0  0.239812627      0.185757056    
           0  0.484865159      0.497249722    
           0  0.409105688      0.333231270    
           0  0.800313234      0.905626953    
           0  0.685725212      0.687482476    
           0  0.786562622      0.840694785    
           0  0.571537554      0.602305174    
           0  0.367170662      0.355731487    
           0  0.367916077      0.447318494    
           0  0.379842758      0.208964229    
           0  0.316408753      0.299856037    
           0  0.829700172      0.828954518    
           0  0.738488972      0.812493443    
           0  0.355112940      0.339917719    
           0  0.819490612      0.710560858    
           0  0.381126851      0.391942650    
           0  0.313014865      0.283356875    
           0  0.673590660      0.571409583    
           0  0.392408639      0.291924298    
           0  0.515667796      0.525635183    
           0  0.376360029      0.316523820    
           0  0.599352717      0.511101544    
           0  0.820351303      0.847239196    
           0  0.450622588      0.491668910    
           0  0.356071711      0.367064565    
           0  0.528645575      0.493753999    
           0  0.432313174      0.416193724    
           0  0.537904799      0.483682185    
           0  0.780555904      0.818104446    
           0  0.805106401      0.717879474    
           0  0.486827493      0.459404022    
