           0  0.775150895      0.805370569    
           0  0.318479508      0.307468295    
           0  0.669161320      0.527705371    
           0  0.434273720      0.528391182    
           0  0.609229684      0.682975650    
           0  0.369673252      0.487484336    
           0  0.367294222      0.495437562    
           0  0.341731757      0.273405969    
           0  0.334534883      0.291735291    
           0  0.376339138      0.437476248    
           0  0.307396889      0.315661788    
           0  0.700243950      0.780670345    
           0  0.810053587      0.893741369    
           0  0.754170477      0.769322097    
           0  0.734944165      0.735334337    
           0  0.310600787      0.412834585    
           0  0.315708280      0.290374160    
           0  0.757767498      0.723176241    
           0   1.23957944       1.28963053    
           0  0.383470744      0.496504307    
           0  0.305923313      0.336111397    
           0  0.807756543      0.800350487    
           0  0.312804639      0.342484355    
           0  0.495720029      0.457325429    
           0  0.295211494      0.449647725    
           0  0.746374428      0.665929973    
           0   1.22779679       1.16032910    
           0  0.745267868      0.829768717    
           0  0.584531426      0.524703026    
           0  0.383308828      0.334024370    
           0  0.713040709      0.706137121    
           0  0.364513516      0.345145404    
           0  0.354472637      0.275300473    
           0  0.384464920      0.332163692    
           0  0.352726549      0.336327851    
           0  0.149175242      0.342032611    
           0  0.385565877      0.427109480    
           0  0.384369314      0.393894672    
           0  0.388866067      0.450360864    
           0  0.370929688      0.472082704    
           0  0.388696492      0.501908720    
           0  0.726589084      0.704494059    
           0  0.349952191      0.300382167    
           0  0.277948558      0.301540345    
           0  0.570202947      0.677978754    
           0  0.385118008      0.440000534    
           0  0.796504021      0.756616652    
           0  0.571868598      0.639187038    
           0  0.842987239      0.879382312    
           0  0.701506317      0.746521235    
           0  0.741634011      0.741970479    
           0  0.287337214      0.308253109    
           0  0.457998127      0.422151744    
           0  0.717478693      0.768334866    
           0  0.708823681      0.715823054    
           0  0.350578696      0.413982332    
           0  0.852891326      0.865520179    
           0  0.376680583      0.350999922    
           0  0.622828662      0.656847537    
           0  0.387093604      0.447801232    
           0  0.702664137      0.768964231    
           0  0.356751531      0.323482394    
           0  0.797707021      0.804231226    
           0  0.369267642      0.328660190    
           0  0.824390709      0.848773122    
           0  0.245650828      0.283325136    
           0  0.828515232      0.804402471    
           0  0.344856590      0.272413939    
           0  0.288033247      0.176880166    
           0  0.711519957      0.737788379    
           0   1.37030125       1.37415993    
           0  0.666905463      0.597405314    
           0  0.374077737      0.263306350    
           0  0.489370853      0.540393174    
           0  0.651487052      0.542804003    
           0  0.336440951      0.413400054    
           0  0.779013157      0.751763642    
           0  0.762476563      0.689636588    
           0  0.316068053      0.321385056    
           0  0.642803729      0.753790379    
           0  0.492220849      0.483392507    
           0  0.306057751      0.221930996    
           0  0.452284604      0.414313704    
           0  0.375981390      0.398481339    
           0  0.595303953      0.710792601    
           0  0.474241614      0.387928367    
           0  0.337830722      0.308017731    
           0  0.524026453      0.499760926    
           0   1.41025162       1.27160823    
           0  0.374235868      0.328928113    
           0  0.347499460      0.196323320    
           0  0.392194659      0.371828139    
           0  0.332646996      0.353842139    
           0  0.551768184      0.561141670    
           0  0.880527735      0.842947185    
           0  0.618236601      0.714868844    
           0  0.445574343      0.617388725    
           0  0.384827077      0.284991086    
           0  0.833205760      0.801234961    
           0  0.542288899      0.455070555    
           0  0.502411604      0.429797888    
           0  0.266949654      0.300880402    
           0  0.370713890      0.379646897    
           0  0.375639468      0.374491274    
           0  0.378574222      0.321079582    
           0   1.19528842       1.25569022    
           0  0.653129816      0.707114160    
           0  0.362415403      0.385279953    
           0  0.430841893      0.428537667    
           0  0.275290370      0.252052367    
           0  0.808038890      0.758774221    
           0  0.849522412      0.935352325    
           0  0.758112848      0.670454443    
           0  0.833579481      0.747974873    
           0  0.320890278      0.381792337    
           0  0.300309449      0.230650872    
           0  0.162911355       9.08919498E-02
           0  0.376298696      0.321673423    
           0  0.392300576      0.336762190    
           0  0.462296009      0.535403609    
           0  0.538433969      0.408070534    
           0  0.701051474      0.513075233    
           0  0.344080806      0.382424653    
           0  0.359073222      0.381828547    
           0  0.839443386      0.855312467    
           0  0.397626787      0.385396242    
           0  0.364657104      0.400339693    
           0  0.492700428      0.443273932    
           0  0.357787430      0.333753467    
           0  0.379932761      0.462817788    
           0  0.449171603      0.420120448    
           0  0.678940058      0.709069848    
           0  0.297906309      0.219748378    
           0  0.818610072      0.784304559    
           0  0.801243901      0.863707900    
           0  0.645122826      0.587129653    
           0  0.269386411      0.303255677    
           0  0.651506782      0.643857896    
           0  0.292406410      0.270379603    
           0  0.365527898      0.401027530    
           0  0.313089490      0.397937030    
           0  0.569690108      0.574419498    
           0  0.843343496      0.802019775    
           0  0.222189292      0.187645778    
           0  0.668090582      0.672534645    
           0  0.371686131      0.250724196    
           0  0.295425534      0.221793339    
           0  0.501370728      0.506516099    
           0  0.756003618      0.801680386    
           0  0.832485020      0.980900705    
           0  0.318780363      0.465509951    
           0  0.835828900      0.878248513    
           0  0.393475443      0.327348709    
           0  0.573781788      0.451341629    
           0  0.373209834      0.317003816    
           0  0.358517915      0.288667440    
           0  0.805202246      0.725556612    
           0  0.755379319      0.729652524    
           0  0.346866608      0.305332899    
           0  0.322299689      0.388064235    
           0  0.564146578      0.613832176    
           0  0.291318804      0.330861926    
           0  0.644505262      0.642269015    
           0  0.657670677      0.759268224    
           0  0.525116682      0.522094011    
           0  0.822409391      0.860288739    
           0  0.354198188      0.473989308    
           0  0.442941040      0.425626427    
           0  0.587134004      0.553768218    
           0  0.255914569      0.275966704    
           0  0.540090263      0.511717141    
           0  0.336247295      0.337970644    
           0  0.360466093      0.337572992    
           0  0.307896405      0.278870374    
           0  0.167371720      0.179280430    
           0  0.744436145      0.915581346    
           0  0.829734385      0.813088238    
           0  0.205554500      0.199115038    
           0  0.783515692      0.830505669    
           0  0.495772779      0.440526277    
           0  0.804172456      0.827857673    
           0  0.747735560      0.679733455    
           0  0.358484238      0.334967941    
           0  0.381155282      0.444085598    
           0  0.535476625      0.629189253    
           0  0.227408722       5.43408692E-02
           0  0.375983983      0.457493484    
           0  0.323227704      0.347709596    
           0  0.728946745      0.817044377    
           0  0.378124475      0.422574550    
           0  0.719407856      0.716567516    
           0  0.705446720      0.667246997    
           0  0.341180772      0.379578114    
           0  0.113538072      0.238619179    
           0  0.750466347      0.743886709    
           0  0.325012833      0.331711531    
           0  0.383318752      0.348183542    
           0  0.824205041      0.798099875    
           0  0.712061465      0.728767335    
           0  0.594718754      0.677740455    
           0  0.819419384      0.754080296    
           0  0.816746414      0.893268704    
           0  0.290280879      0.302898824    
           0  0.322774559      0.452774346    
           0  0.847976089      0.930018961    
           0  0.225063771      0.320366263    
           0  0.663253427      0.663274467    
           0  0.253469288      0.257788479    
           0  0.848105609      0.885378957    
           0  0.569883883      0.415824175    
           0  0.317203879      0.433878243    
           0  0.852550030      0.740143478    
           0  0.620777369      0.640682817    
           0  0.415626645      0.374876112    
           0  0.407597750      0.540507019    
           0  0.342599481      0.427186161    
           0  0.669470608      0.713890791    
           0  0.389654338      0.302624375    
           0  0.609265625      0.667026997    
           0  0.152927443       1.83070004E-02
           0  0.659570694      0.735212445    
           0  0.337089241      0.348084927    
           0  0.373850524      0.289277822    
           0   1.03665876       1.04506814    
           0  0.421339214      0.395798504    
           0  0.482002288      0.519547045    
           0  0.126157075      0.224163651    
           0  0.681262374      0.593832672    
           0  0.762177706      0.822101057    
           0  0.389307290      0.489793271    
           0  0.837404847      0.955212116    
           0  0.596830726      0.587142587    
           0  0.328158617      0.374488711    
           0  0.592334151      0.637748420    
           0  0.742626488      0.710315168    
           0  0.804321647      0.816523969    
           0  0.342362523      0.317611367    
           0  0.424505055      0.431779057    
           0  0.840331376      0.850233674    
           0  0.648671925      0.751215696    
           0  0.347055644      0.365641922    
           0  0.675720870      0.685611963    
           0  0.775297403      0.708110213    
           0  0.805669427      0.843393147    
           0  0.815359890      0.845142305    
           0  0.987736762      0.961412489    
           0  0.634144604      0.619551003    
           0  0.663398921      0.578615665    
           0  0.260551840      0.295505852    
           0  0.296145767      0.312139511    
           0  0.376515269      0.426064134    
           0  0.347350657      0.345913589    
           0   1.05744874       1.05799186    
           0  0.553118646      0.529460847    
           0   1.07692337       1.04372883    
           0  0.561326265      0.620929122    
           0  0.779031396      0.814821720    
           0  0.381102175      0.274561375    
           0   1.24835873       1.22066259    
           0  0.844567180      0.782219470    
           0  0.352117062      0.415233612    
           0  0.752568543      0.706510484    
           0  0.736130238      0.760665834    
           0  0.615949690      0.579194546    
           0  0.374313921      0.346572667    
           0  0.337030768      0.214534476    
           0  0.372425288      0.352207005    
           0  0.224254012      0.218558595    
           0  0.835423827      0.792209744    
           0  0.295412481      0.418828964    
           0  0.265659660      0.363522738    
           0  0.663680375      0.630831659    
           0  0.361073613      0.358904809    
           0  0.618618906      0.706421793    
           0  0.815514028      0.908634663    
           0  0.291222394      0.299991727    
           0  0.780660272      0.702091157    
           0  0.802698910      0.759583354    
           0  0.258498311      0.301070571    
           0  0.445484668      0.415248692    
           0  0.844828904      0.867223084    
           0  0.802656293      0.668108821    
           0  0.372018129      0.479567289    
           0  0.650481641      0.648324370    
           0  0.857256532      0.830576420    
           0  0.705715597      0.679140687    
           0  0.673875690      0.656526685    
           0  0.587095320      0.651822448    
           0  0.621300757      0.584029019    
           0  0.765258491      0.910044253    
           0  0.515024245      0.677886307    
           0  0.814449012      0.876767278    
           0  0.380473852      0.329710871    
           0  0.629529953      0.709087670    
           0  0.388132215      0.431090564    
           0  0.393089652      0.471562147    
           0  0.804111242      0.873403370    
           0  0.802923083      0.878101587    
           0  0.366736263      0.431993783    
           0  0.649977803      0.769193769    
           0  0.286720335      0.195495114    
           0  0.297482014      0.307083458    
           0  0.542042077      0.455633312    
           0  0.377559483      0.413614988    
           0  0.358281404      0.511447668    
           0  0.329536051      0.405491590    
           0  0.391559064      0.443369776    
           0  0.381098688      0.447077900    
           0  0.822891533      0.863055825    
           0  0.391766131      0.400675833    
           0  0.459864885      0.312958837    
           0  0.408493131      0.301102579    
           0  0.354754984      0.171652257    
           0  0.503233254      0.474594891    
           0  0.407987028      0.453303635    
           0  0.400938302      0.425580323    
           0  0.843387663      0.901120305    
           0  0.794560254      0.785930991    
           0  0.800902843      0.654227018    
           0  0.611863911      0.579307795    
           0  0.302045763      0.240360975    
           0  0.311939985      0.263492227    
           0  0.298492074      0.282587737    
           0  0.349520624      0.219265342    
           0  0.522438467      0.558968127    
           0  0.427781790      0.431219786    
           0  0.235665575      0.190070376    
           0  0.341926008      0.302633792    
           0  0.438050419      0.328172624    
           0  0.682840347      0.657023251    
           0  0.342722833      0.383791506    
           0  0.843619049      0.986471176    
           0  0.318869799      0.371340096    
           0  0.706673622      0.775840938    
           0  0.328915149      0.219418675    
           0  0.381638974      0.347515434    
           0  0.663516223      0.745117664    
           0  0.364285886      0.406364024    
           0  0.165562332       7.56407827E-02
           0  0.695750296      0.667963803    
           0  0.699364483      0.721834958    
           0  0.710290551      0.695308983    
           0  0.847150385      0.892840803    
           0  0.434658557      0.469713151    
           0  0.386570752      0.462061822    
           0  0.515773535      0.488134682    
           0  0.392408013      0.318999648    
           0  0.386107355      0.374808162    
           0  0.530670345      0.500552356    
           0  0.368193448      0.422390163    
           0  0.797972083      0.746427417    
           0  0.343108386      0.382133961    
           0  0.304565996      0.247370660    
           0  0.661965013      0.689744771    
           0  0.315853447      0.396128982    
           0  0.691906512      0.800858378    
           0  0.658314466      0.586993635    
           0  0.305277437      0.340861827    
           0  0.794638038      0.828072667    
           0  0.843542099      0.713163137    
           0  0.848190069      0.720513046    
           0  0.327039570      0.185976088    
           0  0.313705027      0.377564639    
           0  0.850689054      0.788122773    
           0   1.52195227       1.60427523    
           0  0.374005288      0.348187208    
           0  0.595938385      0.537160516    
           0  0.796475768      0.737502873    
           0  0.521587789      0.542005002    
           0  0.808620453      0.719627380    
           0  0.393390685      0.347419024    
           0  0.356079251      0.325004220    
           0  0.836093903      0.689070523    
           0  0.300942749      0.312049806    
           0  0.619963646      0.748837531    
           0  0.291415572      0.209568113    
           0  0.523050904      0.534822822    
           0  0.179747462      0.122013360    
           0  0.806059718      0.925692141    
           0  0.795282006      0.860858023    
           0  0.731208682      0.610000610    
           0  0.375795871      0.276771903    
           0  0.584034443      0.573650897    
           0  0.338719159      0.271528244    
           0  0.332644165      0.246807277    
           0  0.584192991      0.595783353    
           0  0.734132290      0.733028233    
           0  0.741922975      0.669457555    
           0  0.389667541      0.325388610    
           0  0.388288468      0.390233904    
           0  0.822270334      0.825063825    
           0  0.386349529      0.284961343    
           0  0.643244982      0.584265172    
           0  0.414889216      0.382854611    
           0  0.603353977      0.685011625    
           0  0.591363192      0.575347245    
           0  0.300628811      0.240580410    
           0  0.777704537      0.838909149    
           0  0.645767987      0.694336951    
           0  0.518908560      0.425115019    
           0  0.389172345      0.437134147    
           0  0.361879587      0.369111031    
           0  0.604027510      0.621687531    
           0  0.331056505      0.331207573    
           0  0.739332974      0.765106976    
           0  0.836599112      0.948969066    
           0  0.827403963      0.810807943    
           0  0.611480951      0.557562888    
           0  0.716489971      0.869197369    
           0  0.239218473      0.248814151    
           0  0.343222201      0.409957290    
           0  0.651023924      0.727692068    
           0  0.345903277      0.299375713    
           0  0.368999034      0.244723395    
           0  0.817568064      0.858388543    
           0  0.610130548      0.462450683    
           0  0.788975298      0.831359148    
           0  0.759684503      0.693238378    
           0  0.778898120      0.686465681    
           0  0.437983811      0.510733604    
           0  0.383103222      0.473937184    
           0  0.706731617      0.658356190    
           0  0.405213773      0.399681628    
           0  0.370140910      0.402487695    
           0  0.368633360      0.339728296    
           0  0.302094877      0.324944019    
           0  0.365802318      0.400814116    
           0  0.211623326      0.216715395    
           0  0.795335352      0.739781737    
           0   1.49008274       1.43505383    
           0  0.835497975      0.811711550    
           0  0.731321573      0.757958472    
           0  0.772449732      0.833969474    
           0  0.376601636      0.305558085    
           0  0.712313712      0.772715449    
           0  0.289979398      0.279173613    
           0  0.377343088      0.428109914    
           0  0.600730836      0.611018181    
           0  0.380412638      0.453808874    
           0  0.376443177      0.388145804    
           0  0.341383100      0.536467612    
           0  0.417594224      0.501560211    
           0  0.843258083      0.948788583    
           0  0.839626372      0.791568696    
           0  0.384970665      0.314896166    
           0  0.726982415      0.726000369    
           0  0.326564640      0.376554549    
           0  0.390513420      0.369466662    
           0  0.295519352      0.235835016    
           0  0.572427213      0.514744878    
           0  0.768959463      0.838445187    
           0  0.610795140      0.645204663    
           0  0.353828132      0.415123731    
           0  0.850838542      0.871087313    
           0  0.836856544      0.794997871    
           0  0.362178445      0.311811209    
           0  0.371275157      0.315158129    
           0  0.416386366      0.400177449    
           0  0.663897812      0.719914854    
           0  0.345860690      0.357656389    
           0  0.805882692      0.816503525    
           0  0.388958812      0.408172011    
           0  0.781363845      0.790671885    
           0  0.341056883      0.305915773    
           0  0.646579087      0.647489190    
           0  0.639326572      0.713708401    
           0  0.241716847      0.326107889    
           0  0.366848379      0.243974641    
           0  0.580391705      0.397844851    
           0  0.590957284      0.641903937    
           0  0.740072191      0.682331622    
           0  0.245971754      0.242805630    
           0  0.380378097      0.271036953    
           0  0.384418160      0.439503878    
           0  0.277556598      0.234594941    
           0  0.417173564      0.392416060    
           0  0.490585834      0.519340336    
           0  0.565289974      0.490210146    
           0  0.370691538      0.265424967    
           0  0.384220839      0.345073640    
           0  0.384443313      0.356722951    
           0   1.41362953       1.46120393    
           0  0.796933293      0.845823646    
           0  0.214739606      0.154151440    
           0  0.556336582      0.582817972    
           0  0.306085289      0.280243039    
           0  0.776749253      0.783970118    
           0  0.783542156      0.865830660    
           0  0.555391669      0.488169044    
           0  0.643996596      0.623730063    
           0  0.689123571      0.699222744    
           0  0.410924673      0.437233627    
           0  0.594481051      0.569216788    
           0  0.487022638      0.624683142    
           0  0.762146533      0.884803832    
           0  0.729854047      0.780211031    
           0  0.175691560      0.207127556    
           0  0.381395251      0.350444466    
           0  0.325236678      0.328056425    
           0  0.262047887      0.333164871    
           0  0.369148940      0.314589500    
           0   1.11130536      0.944371521    
           0  0.837288678      0.915555477    
           0  0.378636330      0.434101313    
           0  0.381994069      0.378783613    
           0  0.338497907      0.306524009    
           0  0.337586284      0.391129643    
           0  0.794206023      0.783278763    
           0  0.309355885      0.351049304    
           0  0.342259169      0.361060262    
           0  0.389342397      0.389067471    
           0  0.385456294      0.422695428    
           0  0.511588633      0.423666388    
           0  0.575937688      0.578281701    
           0  0.188899755      0.226206958    
           0  0.255028844      0.359948426    
           0  0.485735714      0.510422468    
           0  0.292559206      0.225884050    
           0  0.480960310      0.476381510    
           0  0.382944077      0.323421121    
           0  0.378973871      0.353475720    
           0  0.777783513      0.661437631    
           0  0.411238402      0.392035663    
           0  0.678215861      0.756452978    
           0  0.821972132      0.853680730    
           0  0.776810110      0.831843853    
           0  0.349721402      0.365308166    
           0  0.284205973      0.254531741    
           0  0.368686348      0.404683143    
           0  0.651554465      0.729946315    
           0  0.330713093      0.319534719    
           0  0.550339699      0.519699216    
           0  0.409321249      0.316409439    
           0  0.385983586      0.416250825    
           0  0.673486888      0.653818130    
           0  0.325792342      0.294873118    
           0  0.725300610      0.642491639    
           0  0.766472638      0.757835984    
           0  0.269259036      0.342438191    
           0  0.679962814      0.742063701    
           0  0.374761999      0.323792815    
           0  0.787523210      0.829497695    
           0  0.361232042      0.408068806    
           0  0.489089280      0.582593381    
           0  0.855593741      0.848229945    
           0  0.659505010      0.592903793    
           0  0.276613683      0.230016351    
           0  0.775685072      0.630784988    
           0  0.752634466      0.668871284    
           0  0.843668759      0.893541813    
           0  0.538966477      0.392463386    
           0  0.378856122      0.277637988    
           0  0.337405324      0.407432795    
           0  0.386567146      0.450567424    
           0  0.250651389      0.344916791    
           0  0.367809594      0.334155083    
           0  0.365811765      0.351851135    
           0  0.373413444      0.367561579    
           0  0.388655514      0.309662461    
           0  0.715776622      0.752881885    
           0  0.149712518      0.102798492    
           0  0.531617761      0.687616825    
           0  0.784811437      0.758942842    
           0  0.389665633      0.401344806    
           0  0.317583650      0.159384444    
           0  0.694423497      0.698443353    
           0  0.606909871      0.680848718    
           0  0.386229068      0.269066364    
           0  0.398812979      0.245355994    
           0  0.368729830      0.404783130    
           0   1.21629667       1.24855316    
           0  0.749628544      0.743047714    
           0  0.493070245      0.501197457    
           0  0.402821213      0.281128198    
           0  0.715968370      0.649253547    
           0  0.333318830      0.325224400    
           0  0.327189922      0.322872758    
           0  0.400889456      0.380471170    
           0  0.373301744      0.393295169    
           0  0.314975590      0.260510296    
           0  0.325114489      0.421446681    
           0  0.342476457      0.308887839    
           0  0.677599549      0.622139215    
           0  0.334726512      0.321439773    
           0  0.704299450      0.738482416    
           0  0.369050562      0.426276863    
           0  0.485870183      0.554794014    
           0  0.767168045      0.822981775    
           0  0.464972794      0.527765155    
           0  0.380104750      0.302608788    
           0  0.715150297      0.687257826    
           0  0.326640964      0.491355002    
           0  0.205996275       8.61139894E-02
           0  0.512603402      0.339229435    
           0  0.254640907      0.224479601    
           0  0.355822146      0.459436864    
           0  0.677658498      0.663678229    
           0  0.533890784      0.633783460    
           0  0.535857797      0.585856557    
           0  0.645331383      0.572690070    
           0  0.373053938      0.362609267    
           0  0.647642434      0.671339750    
           0  0.205011040      0.137380213    
           0  0.340009362      0.388602853    
           0  0.598469555      0.592742145    
           0  0.328013659      0.346014231    
           0  0.329043299      0.287425160    
           0  0.402597398      0.427728176    
           0  0.847952306      0.921869516    
           0  0.259593844      0.209476948    
           0  0.372274786      0.320257783    
           0  0.770749092      0.849725068    
           0   1.47700977       1.46246624    
           0  0.367522031      0.249348104    
           0  0.291336954      0.336005032    
           0  0.382190168      0.343575954    
           0  0.700625181      0.706700504    
           0  0.363935530      0.325262815    
           0  0.814562023      0.957504988    
           0  0.272478461      0.307571828    
           0  0.768851399      0.735408068    
           0  0.339964271      0.430106193    
           0  0.456096500      0.377689868    
           0  0.314879537      0.273997456    
           0  0.862461984      0.859231114    
           0  0.343425721      0.159440801    
           0  0.851743579      0.724125624    
           0  0.857205510      0.768656850    
           0  0.393174648      0.421637625    
           0  0.430338681      0.497209162    
           0  0.751460254      0.793768167    
           0  0.585089624      0.552585006    
           0  0.444770366      0.387529731    
           0  0.370488793      0.471477985    
           0  0.349174231      0.361346751    
           0  0.386002928      0.338158071    
           0  0.569386721      0.618945420    
           0  0.675994039      0.672134519    
           0  0.390302986      0.236722782    
           0  0.387861937      0.553829014    
           0  0.365844965      0.446006119    
           0  0.367659092      0.353419662    
           0  0.800455213      0.962498188    
           0  0.635261297      0.601809204    
           0  0.149355337      0.169933513    
           0  0.847618520      0.939457119    
           0  0.373439729      0.418539047    
           0  0.649207950      0.492163181    
           0  0.352549791      0.426879227    
           0  0.422902495      0.283913970    
           0  0.550083220      0.412377864    
           0  0.255667210      0.264175177    
           0  0.611631215      0.542078972    
           0  0.386368513      0.400111616    
           0  0.674219489      0.769219220    
           0  0.725547254      0.729611337    
           0  0.820740938      0.835931420    
           0  0.806146502      0.843234122    
           0  0.775245488      0.660485387    
           0  0.306168228      0.344059587    
           0  0.744430840      0.700284839    
           0  0.747837484      0.658747733    
           0  0.368034244      0.299284697    
           0  0.317640275      0.215414882    
           0  0.513191581      0.525054455    
           0  0.407275647      0.316964000    
           0  0.287980825      0.165533498    
           0  0.534398258      0.558041513    
           0  0.203082338      0.330686957    
           0  0.463053674      0.422707498    
           0  0.387290597      0.351737142    
           0  0.838879168      0.878283799    
           0  0.170271352      0.248845905    
           0  0.360664874      0.316933990    
           0  0.808057606      0.845730543    
           0  0.802055061      0.754149735    
           0  0.479147404      0.335875094    
           0  0.672282517      0.502293766    
           0  0.629593611      0.722980320    
           0  0.389610320      0.456357270    
           0  0.375264168      0.300530285    
           0  0.616836071      0.625232100    
           0  0.224375129       9.30908769E-02
           0  0.355494261      0.287541807    
           0  0.560250044      0.596987784    
           0  0.330487847      0.350678116    
           0  0.310742050      0.437622458    
           0  0.391426533      0.453689575    
           0  0.364353329      0.292273968    
           0  0.335927933      0.330898017    
           0  0.464255542      0.461638212    
           0  0.806811750      0.896252215    
           0  0.718422532      0.609679878    
           0  0.297271580      0.151304305    
           0  0.755481601      0.901535690    
           0  0.351912856      0.343083411    
           0  0.383537799      0.388802797    
           0  0.379427969      0.301047623    
           0  0.299366951      0.342226207    
           0  0.569288909      0.559659421    
           0  0.419956028      0.441662401    
           0  0.394745141      0.421536088    
           0  0.237008363      0.198843539    
           0  0.602113068      0.601391315    
           0  0.352273405      0.431054324    
           0  0.608291566      0.614174366    
           0  0.730869591      0.739194572    
           0  0.535651326      0.466920495    
           0  0.740096331      0.679102302    
           0  0.252701312      0.375063837    
           0  0.272929251      0.309890300    
           0  0.384576201      0.451135218    
           0  0.276305765      0.207600951    
           0  0.363041133      0.280220807    
           0  0.846452773      0.799444973    
           0  0.476907492      0.479430646    
           0  0.374835491      0.302882493    
           0  0.387906134      0.350104511    
           0  0.343688697      0.324063838    
           0  0.313630611      0.352599055    
           0  0.347321540      0.305732816    
           0  0.339579433      0.350711912    
           0  0.816034198      0.977637768    
           0  0.563223660      0.666908026    
           0  0.752843022      0.832477868    
           0  0.459033012      0.559207082    
           0  0.342340589      0.303843975    
           0  0.337442368      0.325867742    
           0  0.673417389      0.582764149    
           0  0.779614687      0.739276588    
           0  0.236992121       9.50020254E-02
           0  0.490176350      0.603912413    
           0  0.539606631      0.510662556    
           0  0.387439847      0.340733439    
           0  0.672368407      0.546597421    
           0  0.328353792      0.272376359    
           0  0.382567227      0.484604418    
           0  0.835754931      0.795281649    
           0  0.361896724      0.359272808    
           0  0.329082996      0.378530294    
           0  0.807626247      0.786069989    
           0  0.321780324      0.322821677    
           0   1.50991011       1.50890553    
           0  0.462948531      0.415959209    
           0  0.538860261      0.569217503    
           0  0.379666567      0.464343250    
           0   1.26494598       1.23970675    
           0  0.992662311       1.01635337    
           0  0.755869269      0.759692550    
           0  0.509504318      0.577472866    
           0  0.331807882      0.391296983    
           0  0.668578446      0.640200555    
           0  0.591413617      0.592700243    
           0  0.388724536      0.439853877    
           0  0.415604532      0.430239707    
           0  0.855561733      0.909582555    
           0  0.228716344      0.244008243    
           0  0.835171938      0.713705003    
           0  0.794946492      0.736417472    
           0  0.664215088      0.669055581    
           0  0.356705040      0.242810845    
           0  0.619964361      0.620951414    
           0  0.539982736      0.666106820    
           0  0.837189496      0.820704460    
           0  0.518722594      0.425908148    
           0  0.807297945      0.724400103    
           0  0.493328363      0.294137657    
           0   1.40878642       1.35316384    
           0  0.339194119      0.484270453    
           0   1.32318187       1.23379695    
           0  0.274891853      0.301724702    
           0  0.621611297      0.587832093    
           0  0.388312131      0.282656550    
           0  0.340338647      0.445555240    
           0  0.137215748       9.28916335E-02
           0  0.474240392      0.470081627    
           0  0.795694947      0.820144117    
           0  0.387954086      0.395271152    
           0  0.241862968      0.379662216    
           0  0.522104442      0.471240848    
           0  0.523548663      0.402771473    
           0  0.306246787      0.352254450    
           0  0.381015748      0.460094631    
           0  0.383358151      0.452458769    
           0  0.297465354      0.272953182    
           0  0.749370337      0.741757989    
           0  0.355809331      0.406977594    
           0  0.750092149      0.801006258    
           0  0.343207330      0.292215407    
           0  0.358762830      0.337719440    
           0  0.370666325      0.409362048    
           0  0.534701645      0.492075264    
           0  0.792871237      0.786668241    
           0  0.672368586      0.655791700    
           0  0.279936582      0.308338463    
           0  0.575709403      0.623039007    
           0  0.495607316      0.585321307    
           0  0.386395216      0.455094099    
           0   1.54358673       1.56478882    
           0  0.390545696      0.408790588    
           0  0.837973952      0.860677898    
           0  0.340378970      0.251767963    
           0  0.323671967      0.298416257    
           0  0.366485059      0.320945144    
           0  0.478814572      0.487016231    
           0  0.741086066      0.800277293    
           0  0.687540054      0.615132213    
           0  0.345046163      0.361994594    
           0  0.393360436      0.277644813    
           0  0.317933232      0.367356151    
           0  0.683695138      0.669866204    
           0  0.373595089      0.348275185    
           0  0.722170532      0.721426249    
           0  0.691568255      0.749922991    
           0  0.265680760      0.440566808    
           0  0.577043593      0.611022294    
           0  0.845618248      0.816020191    
           0  0.376472920      0.360983402    
           0  0.430953830      0.426029027    
           0  0.334612250      0.256915629    
           0  0.355715752      0.286664873    
           0  0.293032497      0.258661032    
           0  0.452353299      0.574194372    
           0  0.268858820      0.299656928    
           0  0.483086050      0.519744396    
           0  0.204558358      0.315153509    
           0  0.608785808      0.630145013    
           0  0.646747112      0.640899360    
           0  0.308381915      0.314061463    
           0  0.652304947      0.636804342    
           0  0.853946686      0.874052882    
           0  0.388409168      0.404056191    
           0  0.797393262      0.658868909    
           0  0.359078467      0.485663056    
           0  0.493146211      0.420532048    
           0  0.636839032      0.616697729    
           0  0.579663157      0.470967680    
           0  0.679116011      0.673144758    
           0  0.382128119      0.506269097    
           0  0.361525178      0.447014272    
           0  0.380233198      0.326944590    
           0  0.847637117      0.895072997    
           0  0.341988683      0.265314788    
           0  0.705504775      0.603905857    
           0  0.566343725      0.530023277    
           0  0.396770358      0.427906483    
           0  0.370217800      0.404930085    
           0  0.398707449      0.329756469    
           0  0.345395625      0.196439981    
           0  0.769304812      0.851206541    
           0  0.824942470      0.809825301    
           0  0.440262407      0.334038049    
           0   1.21770084       1.22316313    
           0  0.582280636      0.537434220    
           0  0.382346064      0.348758906    
           0  0.280758232      0.305088997    
           0  0.328420132      0.405576468    
           0  0.486362487      0.393316448    
           0  0.343440324      0.296803474    
           0  0.328624994      0.383635104    
           0  0.261168927      0.223831385    
           0  0.672525704      0.656292677    
           0  0.338187575      0.354200661    
           0  0.798324466      0.772680283    
           0  0.800635755      0.862970352    
           0  0.360714436      0.275328428    
